{
 "cells": [
  {
   "cell_type": "code",
   "execution_count": 88,
   "id": "e236bf1b-fdb0-400a-8736-fb7da651d7ba",
   "metadata": {},
   "outputs": [
    {
     "name": "stdout",
     "output_type": "stream",
     "text": [
      "The autoreload extension is already loaded. To reload it, use:\n",
      "  %reload_ext autoreload\n"
     ]
    }
   ],
   "source": [
    "import numpy as np\n",
    "\n",
    "from jax import numpy as jp\n",
    "\n",
    "from jax import jit,grad\n",
    "    \n",
    "import matplotlib.pyplot as plt\n",
    "import labellines as ll\n",
    "\n",
    "from functools import partial\n",
    "\n",
    "from Algorithms import *\n",
    "\n",
    "from Lattice import honeycomb\n",
    "\n",
    "import pickle as pkl\n",
    "%load_ext autoreload\n",
    "%autoreload 2"
   ]
  },
  {
   "cell_type": "code",
   "execution_count": 89,
   "id": "4fa09404-78d1-4789-82bd-3548bce97ebf",
   "metadata": {},
   "outputs": [],
   "source": [
    "def h(r,c,l):\n",
    "    return c * jp.exp(-(r**2) / l**2)\n",
    "\n",
    "# The differentiable kernel function with parameters c,l not filled.\n",
    "\n",
    "def k(x1,x2,c,l):\n",
    "    small_sig = 1e-10 # This is needed for numerical stability.\n",
    "    return h(jp.linalg.norm(x1-x2+small_sig,axis = -1),c,l)"
   ]
  },
  {
   "cell_type": "code",
   "execution_count": 90,
   "id": "be7302b0-5ca3-441d-a490-0943aedae0f5",
   "metadata": {},
   "outputs": [],
   "source": [
    "def GPMI(x,c,l,var_0):# The mutual information for a GP.\n",
    "    x = x.reshape(-1,2)\n",
    "    KA = k(x[:,jp.newaxis,:],x,c,l)\n",
    "    if var_0>0:\n",
    "        return 1/2*jp.log(jp.linalg.det(np.eye(len(KA))+KA/var_0))\n",
    "    else:\n",
    "        return 1/2*jp.log(jp.linalg.det(KA))"
   ]
  },
  {
   "cell_type": "markdown",
   "id": "a63ff349-befb-4b30-a5c3-8b460a6132c5",
   "metadata": {},
   "source": [
    "# Experiment parameters"
   ]
  },
  {
   "cell_type": "code",
   "execution_count": 110,
   "id": "c797265c-259d-4278-a9cc-3f6e5a4400af",
   "metadata": {},
   "outputs": [],
   "source": [
    "T = 19\n",
    "\n",
    "c = 1\n",
    "l = 1\n",
    "var_0 = 0.01\n",
    "\n",
    "\n",
    "search_region_center = np.array([0.,0.])\n",
    "search_region_radius = 1\n",
    "step_size = 1\n",
    "\n",
    "# The reference system.\n",
    "ref = np.array([[0,0]]) # A single point reference set.\n",
    "R = np.array([search_region_radius*np.ones(T)]).T\n",
    "R[0,0] = 0\n",
    "\n",
    "N = len(ref)\n",
    "\n",
    "x0 = search_region_center"
   ]
  },
  {
   "cell_type": "markdown",
   "id": "cc4121dd-820c-4f98-8919-eb470bc5248c",
   "metadata": {},
   "source": [
    "# Callables"
   ]
  },
  {
   "cell_type": "code",
   "execution_count": 92,
   "id": "d7915edd-751f-45e3-a564-7fadd221413a",
   "metadata": {},
   "outputs": [],
   "source": [
    "\n",
    "x_objective = jit(lambda z: GPMI(z,c=c,l=l,var_0=var_0))\n",
    "\n",
    "kernel = partial(k,c=c,l=l)\n"
   ]
  },
  {
   "cell_type": "markdown",
   "id": "39a48f00-c292-4065-86df-4dd62c26504c",
   "metadata": {},
   "source": [
    "# Different algorithms, call as needed."
   ]
  },
  {
   "cell_type": "code",
   "execution_count": 93,
   "id": "c8cbd030-ede0-4783-a979-a9521dcb2c36",
   "metadata": {},
   "outputs": [],
   "source": [
    "rand_u,_,_,_ = rand_u_search(x0,\\\n",
    "                         search_region_radius,x_objective,T,step_size)\n",
    "\n",
    "rand_u_x = x0+np.cumsum(np.vstack([np.zeros(rand_u.shape[-1]),rand_u]),axis=0)"
   ]
  },
  {
   "cell_type": "code",
   "execution_count": 94,
   "id": "f542331d-41cd-49f5-b63c-3d8cc75373ca",
   "metadata": {},
   "outputs": [
    {
     "name": "stdout",
     "output_type": "stream",
     "text": [
      "0th start outof 1.\n"
     ]
    }
   ],
   "source": [
    "proj_u = projected_u_gradient(x_objective,x0,[rand_u],ref,R,step_size) # Replace rand_u with any other initializations."
   ]
  },
  {
   "cell_type": "code",
   "execution_count": 95,
   "id": "662d709f-4992-4e42-bee7-1805958be33e",
   "metadata": {},
   "outputs": [],
   "source": [
    "rand_x,_,_,_ = rand_search(x0,search_region_radius,x_objective,T,step_size)"
   ]
  },
  {
   "cell_type": "code",
   "execution_count": 96,
   "id": "d4f13b05-218b-4efc-beb6-14ced03156d8",
   "metadata": {},
   "outputs": [
    {
     "name": "stdout",
     "output_type": "stream",
     "text": [
      "0th start outof 1.\n"
     ]
    }
   ],
   "source": [
    "proj_x = projected_x_gradient(x_objective,[rand_x],ref,R,T,step_size) # Replace rand_x with any other initializations."
   ]
  },
  {
   "cell_type": "code",
   "execution_count": 97,
   "id": "69a4b3b4-32d0-4151-ba11-402ace5c8f7e",
   "metadata": {},
   "outputs": [],
   "source": [
    "greedy = incremental_greedy(kernel,x0,step_size,ref,search_region_radius,T,var_0,c)"
   ]
  },
  {
   "cell_type": "code",
   "execution_count": 98,
   "id": "3ccc9eb4-1873-43e3-890b-9749994fe018",
   "metadata": {},
   "outputs": [],
   "source": [
    "N_layer = int(np.ceil(np.sqrt((T-1)/6)))+1\n",
    "\n",
    "hive=honeycomb(np.min([search_region_radius,(N_layer-1)*step_size]),N_layer)"
   ]
  },
  {
   "cell_type": "code",
   "execution_count": 99,
   "id": "130f7c9b-cf0f-41d5-a726-8c3ec04b23dc",
   "metadata": {},
   "outputs": [],
   "source": [
    "thetas = np.linspace(0,2*np.pi,T+1)[:-1]\n",
    "equi_angle = search_region_center.reshape(-1,1)+search_region_radius*np.array([np.cos(thetas),np.sin(thetas)])\n",
    "equi_angle = np.vstack([equi_angle.T])"
   ]
  },
  {
   "cell_type": "markdown",
   "id": "715d53e8-a361-4c38-a14d-88f25463301e",
   "metadata": {},
   "source": [
    "# Solve for the upper bound under the bounded region constraint\n",
    "Given reference points $a_{1:N}$, inducing $A = [k(a_i,a_j)]$.\n",
    "\n",
    "The ultimate problem we attempt to solve is,\n",
    "\n",
    "$$\n",
    "\t\t\\max_{x_1,x_2,...,x_{T}} F(x_{1:T})\\\\\n",
    "        ~||x_{t+1}-x_t||\\leq D,~\\forall t=1,...,T-1\\\\\n",
    "\t\t~ ||x_t-a_k||\\leq R_{t,k},~\\forall 1\\leq t \\leq T,~1\\leq k\\leq N\n",
    "$$\n",
    "\n",
    "where $R_{t,k}$ are pre-specified distance bounds to the reference points. \n",
    "\n",
    "The convex relaxation of the above we consider hereafter is\n",
    "$$\n",
    "    \\max_{\\Sigma,B}~\\log\\det(I+\\Sigma/\\sigma^2)\\\\\n",
    "\t\ts.t.~M=\\begin{bmatrix}\n",
    "    \\Sigma & B\\\\\n",
    "B^\\top & A\n",
    "\\end{bmatrix}\\succ 0\\\\\n",
    "~\\Sigma_{ii}=c,\\forall i=1,2,...,T\\\\\n",
    "~\\Sigma_{i,i+1}\\geq d,\\forall i=1,...,T-1\\\\\n",
    "~B_{ik}\\geq b_{ik}=h(R_{i,k}),\\forall i,k\\\\\n",
    "(\\text{Without admissibility constraints})\n",
    "$$\n",
    "\n",
    "Very often we want to impose the constraint that the initial location $x_1$ is fixed, this can be achieve by specifying the desired initial location as the value of $a_1$ and impose $||x_1-a_1||\\leq 0$, or $b_{11} = h(0)$.\n",
    "\n",
    "The optimal value of the convex relaxation is an upper bound on the ultimate problem, which could be loose.\n"
   ]
  },
  {
   "cell_type": "code",
   "execution_count": 113,
   "id": "9da2ff0d-eed5-4743-a54e-76dd4e82a782",
   "metadata": {},
   "outputs": [],
   "source": [
    "\n",
    "d = h(step_size,c=c,l=l)\n",
    "\n",
    "A = Gram(kernel,ref)\n",
    "\n",
    "N = len(A)\n",
    "\n",
    "\n",
    "b = np.ones((T,N))*np.array(h(R,c=c,l=l))\n",
    "b[0,0] = h(0,c=c,l=l) # Initial location constraint."
   ]
  },
  {
   "cell_type": "code",
   "execution_count": 129,
   "id": "b1ec90a8-adf5-49b2-ad72-8d43b371eeee",
   "metadata": {},
   "outputs": [],
   "source": [
    "# Define and solve the problem\n",
    "B = cp.Variable((T,N))\n",
    "\n",
    "S = cp.Variable((T,T),symmetric=True)\n",
    "\n",
    "M = cp.vstack([cp.hstack([S,B]),\n",
    "               cp.hstack([B.T,A])])\n",
    "\n",
    "\n",
    "constraints = [M>>0]\n",
    "\n",
    "\n",
    "constraints += [cp.diag(S)==c]\n",
    "\n",
    "constraints += [S[i,i+1]>=d for i in range(0,T-2)]\n",
    "\n",
    "constraints += [S>=h(2*search_region_radius,c,l)]\n",
    "\n",
    "constraints += [B>=1*b]\n",
    "\n",
    "\n",
    "\n",
    "prob = cp.Problem(cp.Maximize(1/2*cp.log_det(np.eye(T)+ S/var_0)),constraints)\n",
    "\n",
    "upper_bound = prob.solve()"
   ]
  },
  {
   "cell_type": "code",
   "execution_count": 130,
   "id": "61290dfa-ce2f-4738-a3b2-216eea6df299",
   "metadata": {},
   "outputs": [
    {
     "data": {
      "text/plain": [
       "41.99077922957981"
      ]
     },
     "execution_count": 130,
     "metadata": {},
     "output_type": "execute_result"
    }
   ],
   "source": [
    "upper_bound"
   ]
  },
  {
   "cell_type": "code",
   "execution_count": 131,
   "id": "45953ade-dd19-4aa3-aa8f-a91e7851ff09",
   "metadata": {},
   "outputs": [
    {
     "data": {
      "text/plain": [
       "DeviceArray(0.01831564, dtype=float32)"
      ]
     },
     "execution_count": 131,
     "metadata": {},
     "output_type": "execute_result"
    }
   ],
   "source": [
    "h(2*search_region_radius,c,l)"
   ]
  },
  {
   "cell_type": "code",
   "execution_count": 132,
   "id": "fd1739ef-d083-49bd-b19f-c6755c9bbb74",
   "metadata": {},
   "outputs": [
    {
     "data": {
      "text/plain": [
       "array([[1.00001807, 0.36787963, 0.36422426, 0.36347305, 0.36327144,\n",
       "        0.36321732, 0.3632028 , 0.3631989 , 0.36319785, 0.36319757,\n",
       "        0.36319749, 0.36319747, 0.36319747, 0.36319746, 0.36319746,\n",
       "        0.36319745, 0.36319741, 0.36320855, 0.36321918],\n",
       "       [0.36787963, 1.00000044, 0.36787963, 0.1958068 , 0.14962952,\n",
       "        0.13723563, 0.1339086 , 0.13301533, 0.13277546, 0.13271104,\n",
       "        0.13269373, 0.13268907, 0.13268782, 0.13268746, 0.13268727,\n",
       "        0.13268688, 0.13268552, 0.1326846 , 0.13268166],\n",
       "       [0.36422426, 0.36787963, 1.00000044, 0.36787963, 0.19558403,\n",
       "        0.14934681, 0.13693672, 0.1336053 , 0.13271084, 0.13247065,\n",
       "        0.13240613, 0.1323888 , 0.13238414, 0.13238285, 0.1323824 ,\n",
       "        0.13238188, 0.13238025, 0.13237838, 0.13237415],\n",
       "       [0.36347305, 0.1958068 , 0.36787963, 1.00000044, 0.36787963,\n",
       "        0.19558519, 0.14934833, 0.13693832, 0.13360693, 0.13271248,\n",
       "        0.13247228, 0.13240777, 0.13239043, 0.13238574, 0.13238436,\n",
       "        0.13238358, 0.13238181, 0.13237968, 0.1323751 ],\n",
       "       [0.36327144, 0.14962952, 0.19558403, 0.36787963, 1.00000044,\n",
       "        0.36787963, 0.19558549, 0.14934873, 0.13693875, 0.13360736,\n",
       "        0.13271291, 0.13247272, 0.13240819, 0.13239083, 0.13238605,\n",
       "        0.13238434, 0.13238231, 0.13238005, 0.13237535],\n",
       "       [0.36321732, 0.13723563, 0.14934681, 0.19558519, 0.36787963,\n",
       "        1.00000044, 0.36787963, 0.19558557, 0.14934883, 0.13693886,\n",
       "        0.13360747, 0.13271303, 0.13247282, 0.13240828, 0.13239082,\n",
       "        0.13238571, 0.13238276, 0.13238023, 0.13237542],\n",
       "       [0.3632028 , 0.1339086 , 0.13693672, 0.14934833, 0.19558549,\n",
       "        0.36787963, 1.00000044, 0.36787963, 0.19558559, 0.14934886,\n",
       "        0.13693889, 0.1336075 , 0.13271305, 0.13247282, 0.13240818,\n",
       "        0.1323904 , 0.13238404, 0.13238059, 0.13237544],\n",
       "       [0.3631989 , 0.13301533, 0.1336053 , 0.13693832, 0.14934873,\n",
       "        0.19558557, 0.36787963, 1.00000044, 0.36787963, 0.19558559,\n",
       "        0.14934887, 0.13693889, 0.1336075 , 0.13271302, 0.1324727 ,\n",
       "        0.13240773, 0.1323887 , 0.13238184, 0.13237544],\n",
       "       [0.36319785, 0.13277546, 0.13271084, 0.13360693, 0.13693875,\n",
       "        0.14934883, 0.19558559, 0.36787963, 1.00000044, 0.36787963,\n",
       "        0.19558559, 0.14934887, 0.13693889, 0.13360747, 0.1327129 ,\n",
       "        0.13247225, 0.13240603, 0.1323865 , 0.13237544],\n",
       "       [0.36319757, 0.13271104, 0.13247065, 0.13271248, 0.13360736,\n",
       "        0.13693886, 0.14934886, 0.19558559, 0.36787963, 1.00000044,\n",
       "        0.36787963, 0.19558559, 0.14934886, 0.13693885, 0.13360734,\n",
       "        0.13271244, 0.13247055, 0.13240383, 0.13237544],\n",
       "       [0.36319749, 0.13269373, 0.13240613, 0.13247228, 0.13271291,\n",
       "        0.13360747, 0.13693889, 0.14934887, 0.19558559, 0.36787963,\n",
       "        1.00000044, 0.36787963, 0.19558558, 0.14934883, 0.13693873,\n",
       "        0.13360689, 0.13271074, 0.13246834, 0.13237544],\n",
       "       [0.36319747, 0.13268907, 0.1323888 , 0.13240777, 0.13247272,\n",
       "        0.13271303, 0.1336075 , 0.13693889, 0.14934887, 0.19558559,\n",
       "        0.36787963, 1.00000044, 0.36787963, 0.19558556, 0.14934871,\n",
       "        0.13693828, 0.13360519, 0.13270852, 0.13237544],\n",
       "       [0.36319747, 0.13268782, 0.13238414, 0.13239043, 0.13240819,\n",
       "        0.13247282, 0.13271305, 0.1336075 , 0.13693889, 0.14934886,\n",
       "        0.19558558, 0.36787963, 1.00000044, 0.36787963, 0.19558548,\n",
       "        0.14934829, 0.13693661, 0.13360295, 0.13237543],\n",
       "       [0.36319746, 0.13268746, 0.13238285, 0.13238574, 0.13239083,\n",
       "        0.13240828, 0.13247282, 0.13271302, 0.13360747, 0.13693885,\n",
       "        0.14934883, 0.19558556, 0.36787963, 1.00000044, 0.36787963,\n",
       "        0.19558516, 0.14934672, 0.13693433, 0.13237541],\n",
       "       [0.36319746, 0.13268727, 0.1323824 , 0.13238436, 0.13238605,\n",
       "        0.13239082, 0.13240818, 0.1324727 , 0.1327129 , 0.13360734,\n",
       "        0.13693873, 0.14934871, 0.19558548, 0.36787963, 1.00000044,\n",
       "        0.36787963, 0.19558396, 0.14934441, 0.13237534],\n",
       "       [0.36319745, 0.13268688, 0.13238188, 0.13238358, 0.13238434,\n",
       "        0.13238571, 0.1323904 , 0.13240773, 0.13247225, 0.13271244,\n",
       "        0.13360689, 0.13693828, 0.14934829, 0.19558516, 0.36787963,\n",
       "        1.00000044, 0.36787963, 0.19558202, 0.13237509],\n",
       "       [0.36319741, 0.13268552, 0.13238025, 0.13238181, 0.13238231,\n",
       "        0.13238276, 0.13238404, 0.1323887 , 0.13240603, 0.13247055,\n",
       "        0.13271074, 0.13360519, 0.13693661, 0.14934672, 0.19558396,\n",
       "        0.36787963, 1.00000044, 0.36787963, 0.13237414],\n",
       "       [0.36320855, 0.1326846 , 0.13237838, 0.13237968, 0.13238005,\n",
       "        0.13238023, 0.13238059, 0.13238184, 0.1323865 , 0.13240383,\n",
       "        0.13246834, 0.13270852, 0.13360295, 0.13693433, 0.14934441,\n",
       "        0.19558202, 0.36787963, 1.00000044, 0.13237472],\n",
       "       [0.36321918, 0.13268166, 0.13237415, 0.1323751 , 0.13237535,\n",
       "        0.13237542, 0.13237544, 0.13237544, 0.13237544, 0.13237544,\n",
       "        0.13237544, 0.13237544, 0.13237543, 0.13237541, 0.13237534,\n",
       "        0.13237509, 0.13237414, 0.13237472, 1.00000044]])"
      ]
     },
     "execution_count": 132,
     "metadata": {},
     "output_type": "execute_result"
    }
   ],
   "source": [
    "S.value"
   ]
  },
  {
   "cell_type": "code",
   "execution_count": 136,
   "id": "30b0e8ef-8c94-4a2c-a5e3-4979234bf207",
   "metadata": {},
   "outputs": [
    {
     "data": {
      "text/plain": [
       "DeviceArray([[1.00000000e+00, 3.67880136e-01, 1.38251722e-01,\n",
       "              5.83957136e-03, 2.58805492e-04, 1.27519859e-04,\n",
       "              1.47861382e-03, 1.46291641e-04, 7.24083977e-03,\n",
       "              1.59313349e-04, 1.41243590e-03, 1.48753490e-04,\n",
       "              6.31688582e-03, 1.24820464e-04, 1.15057197e-03,\n",
       "              3.29330638e-02, 7.31620472e-04, 2.44786078e-03,\n",
       "              1.34416681e-04],\n",
       "             [3.67880136e-01, 1.00000000e+00, 3.67939919e-01,\n",
       "              1.13721624e-01, 4.84612212e-03, 5.18561108e-04,\n",
       "              8.47728690e-04, 1.27944568e-05, 3.15273530e-04,\n",
       "              9.72089765e-07, 5.39377925e-06, 1.52710896e-07,\n",
       "              2.68328495e-05, 1.78782130e-07, 8.44258193e-06,\n",
       "              1.75097527e-03, 5.31302103e-05, 1.29310228e-03,\n",
       "              4.72627406e-04],\n",
       "             [1.38251722e-01, 3.67939919e-01, 1.00000000e+00,\n",
       "              3.67943734e-01, 1.15799971e-01, 4.58049402e-02,\n",
       "              5.12624718e-02, 1.55855692e-03, 5.94381336e-03,\n",
       "              2.70861237e-05, 2.16510507e-05, 1.37668124e-07,\n",
       "              5.82947996e-06, 7.33710204e-09, 1.07465205e-07,\n",
       "              2.88432857e-05, 1.21069760e-07, 3.64091898e-06,\n",
       "              6.89471335e-07],\n",
       "             [5.83957136e-03, 1.13721624e-01, 3.67943734e-01,\n",
       "              1.00000000e+00, 3.67969334e-01, 3.61284502e-02,\n",
       "              5.53477742e-03, 2.76873088e-05, 4.39232899e-05,\n",
       "              2.93620417e-08, 1.21770256e-08, 1.80792603e-11,\n",
       "              2.74141865e-09, 9.92722939e-13, 6.60221738e-11,\n",
       "              1.30675375e-07, 6.16767082e-10, 1.36696869e-07,\n",
       "              1.60404070e-07],\n",
       "             [2.58805492e-04, 4.84612212e-03, 1.15799971e-01,\n",
       "              3.67969334e-01, 1.00000000e+00, 3.67903382e-01,\n",
       "              3.92770022e-02, 4.02540551e-04, 9.94906877e-05,\n",
       "              1.00052105e-07, 6.00503292e-09, 2.02677783e-12,\n",
       "              7.31362193e-11, 5.05379836e-15, 1.02741044e-13,\n",
       "              2.58478627e-10, 1.68348733e-13, 4.52814002e-11,\n",
       "              2.70645572e-11],\n",
       "             [1.27519859e-04, 5.18561108e-04, 4.58049402e-02,\n",
       "              3.61284502e-02, 3.67903382e-01, 1.00000000e+00,\n",
       "              3.68082464e-01, 2.46019606e-02, 3.08916392e-03,\n",
       "              1.76873255e-05, 4.33057949e-07, 1.50546825e-10,\n",
       "              7.39921513e-10, 3.96758330e-14, 1.10005572e-13,\n",
       "              7.30422528e-11, 1.04737606e-14, 7.19502420e-13,\n",
       "              6.70113921e-14],\n",
       "             [1.47861382e-03, 8.47728690e-04, 5.12624718e-02,\n",
       "              5.53477742e-03, 3.92770022e-02, 3.68082464e-01,\n",
       "              1.00000000e+00, 3.68002564e-01, 1.33058101e-01,\n",
       "              4.84998012e-03, 2.77085870e-04, 4.71463210e-07,\n",
       "              7.63906996e-07, 1.66155506e-10, 1.17089102e-10,\n",
       "              1.05678453e-08, 1.65694238e-12, 1.55554805e-11,\n",
       "              2.57017660e-13],\n",
       "             [1.46291641e-04, 1.27944568e-05, 1.55855692e-03,\n",
       "              2.76873088e-05, 4.02540551e-04, 2.46019606e-02,\n",
       "              3.68002564e-01, 1.00000000e+00, 3.68214071e-01,\n",
       "              9.65675712e-02, 4.42539016e-03, 1.55011039e-05,\n",
       "              4.09269342e-06, 1.39745016e-09, 1.43156070e-10,\n",
       "              2.20737606e-09, 1.31831056e-13, 2.07374442e-13,\n",
       "              4.64153515e-16],\n",
       "             [7.24083977e-03, 3.15273530e-04, 5.94381336e-03,\n",
       "              4.39232899e-05, 9.94906877e-05, 3.08916392e-03,\n",
       "              1.33058101e-01, 3.68214071e-01, 1.00000000e+00,\n",
       "              3.68009597e-01, 1.22547738e-01, 2.78612692e-03,\n",
       "              1.67662627e-03, 4.02862361e-06, 6.87823558e-07,\n",
       "              4.09427867e-06, 1.39505074e-09, 8.83432605e-10,\n",
       "              1.85519200e-12],\n",
       "             [1.59313349e-04, 9.72089765e-07, 2.70861237e-05,\n",
       "              2.93620417e-08, 1.00052105e-07, 1.76873255e-05,\n",
       "              4.84998012e-03, 9.65675712e-02, 3.68009597e-01,\n",
       "              1.00000000e+00, 3.68440926e-01, 2.30426788e-02,\n",
       "              2.64754612e-03, 1.35720693e-05, 3.75967119e-07,\n",
       "              3.36632837e-07, 5.85960239e-11, 5.51274824e-12,\n",
       "              1.59769673e-15],\n",
       "             [1.41243590e-03, 5.39377925e-06, 2.16510507e-05,\n",
       "              1.21770256e-08, 6.00503292e-09, 4.33057949e-07,\n",
       "              2.77085870e-04, 4.42539016e-03, 1.22547738e-01,\n",
       "              3.68440926e-01, 1.00000000e+00, 3.68005872e-01,\n",
       "              1.19041964e-01, 4.01906297e-03, 2.32811130e-04,\n",
       "              9.99659460e-05, 1.10162965e-07, 5.19373211e-09,\n",
       "              1.79347260e-12],\n",
       "             [1.48753490e-04, 1.52710896e-07, 1.37668124e-07,\n",
       "              1.80792603e-11, 2.02677783e-12, 1.50546825e-10,\n",
       "              4.71463210e-07, 1.55011039e-05, 2.78612692e-03,\n",
       "              2.30426788e-02, 3.68005872e-01, 1.00000000e+00,\n",
       "              3.67901623e-01, 8.98838788e-02, 4.24771197e-03,\n",
       "              4.02521167e-04, 1.60182026e-06, 1.72129884e-08,\n",
       "              2.76748828e-12],\n",
       "             [6.31688582e-03, 2.68328495e-05, 5.82947996e-06,\n",
       "              2.74141865e-09, 7.31362193e-11, 7.39921513e-10,\n",
       "              7.63906996e-07, 4.09269342e-06, 1.67662627e-03,\n",
       "              2.64754612e-03, 1.19041964e-01, 3.67901623e-01,\n",
       "              1.00000000e+00, 3.68031412e-01, 1.24997526e-01,\n",
       "              3.97192538e-02, 7.92337989e-04, 2.95776772e-05,\n",
       "              2.86226847e-08],\n",
       "             [1.24820464e-04, 1.78782130e-07, 7.33710204e-09,\n",
       "              9.92722939e-13, 5.05379836e-15, 3.96758330e-14,\n",
       "              1.66155506e-10, 1.39745016e-09, 4.02862361e-06,\n",
       "              1.35720693e-05, 4.01906297e-03, 8.98838788e-02,\n",
       "              3.68031412e-01, 1.00000000e+00, 3.67901802e-01,\n",
       "              3.15296426e-02, 2.78479839e-03, 2.90839544e-05,\n",
       "              1.71513754e-08],\n",
       "             [1.15057197e-03, 8.44258193e-06, 1.07465205e-07,\n",
       "              6.60221738e-11, 1.02741044e-13, 1.10005572e-13,\n",
       "              1.17089102e-10, 1.43156070e-10, 6.87823558e-07,\n",
       "              3.75967119e-07, 2.32811130e-04, 4.24771197e-03,\n",
       "              1.24997526e-01, 3.67901802e-01, 1.00000000e+00,\n",
       "              3.67897153e-01, 1.30959898e-01, 6.04935363e-03,\n",
       "              2.42400274e-05],\n",
       "             [3.29330638e-02, 1.75097527e-03, 2.88432857e-05,\n",
       "              1.30675375e-07, 2.58478627e-10, 7.30422528e-11,\n",
       "              1.05678453e-08, 2.20737606e-09, 4.09427867e-06,\n",
       "              3.36632837e-07, 9.99659460e-05, 4.02521167e-04,\n",
       "              3.97192538e-02, 3.15296426e-02, 3.67897153e-01,\n",
       "              1.00000000e+00, 3.68057549e-01, 1.25292107e-01,\n",
       "              3.00127035e-03],\n",
       "             [7.31620472e-04, 5.31302103e-05, 1.21069760e-07,\n",
       "              6.16767082e-10, 1.68348733e-13, 1.04737606e-14,\n",
       "              1.65694238e-12, 1.31831056e-13, 1.39505074e-09,\n",
       "              5.85960239e-11, 1.10162965e-07, 1.60182026e-06,\n",
       "              7.92337989e-04, 2.78479839e-03, 1.30959898e-01,\n",
       "              3.68057549e-01, 1.00000000e+00, 3.68640304e-01,\n",
       "              2.22729407e-02],\n",
       "             [2.44786078e-03, 1.29310228e-03, 3.64091898e-06,\n",
       "              1.36696869e-07, 4.52814002e-11, 7.19502420e-13,\n",
       "              1.55554805e-11, 2.07374442e-13, 8.83432605e-10,\n",
       "              5.51274824e-12, 5.19373211e-09, 1.72129884e-08,\n",
       "              2.95776772e-05, 2.90839544e-05, 6.04935363e-03,\n",
       "              1.25292107e-01, 3.68640304e-01, 1.00000000e+00,\n",
       "              3.67916107e-01],\n",
       "             [1.34416681e-04, 4.72627406e-04, 6.89471335e-07,\n",
       "              1.60404070e-07, 2.70645572e-11, 6.70113921e-14,\n",
       "              2.57017660e-13, 4.64153515e-16, 1.85519200e-12,\n",
       "              1.59769673e-15, 1.79347260e-12, 2.76748828e-12,\n",
       "              2.86226847e-08, 1.71513754e-08, 2.42400274e-05,\n",
       "              3.00127035e-03, 2.22729407e-02, 3.67916107e-01,\n",
       "              1.00000000e+00]], dtype=float32)"
      ]
     },
     "execution_count": 136,
     "metadata": {},
     "output_type": "execute_result"
    }
   ],
   "source": [
    "gr = incremental_greedy(kernel,x0,step_size,ref,1,T,var_0,c)\n",
    "Gram(kernel,greedy)"
   ]
  },
  {
   "cell_type": "code",
   "execution_count": 102,
   "id": "7475eb96-99a6-4294-acaf-300e49a6f313",
   "metadata": {},
   "outputs": [],
   "source": [
    "sols = {\n",
    "        'Honey Comb':[hive,'orange',1,'o'],\n",
    "        'Equi-angle':[equi_angle,'green',1,'o'],\n",
    "        'Random Search': [rand_x,'grey',0.3,'x'],\n",
    "#         'Random u Search': [rand_u_x,'grey',0.3,'x'],\n",
    "        'Projected x gradient': [proj_x,'blue',1,'o'],\n",
    "        'Projected u gradient': [proj_u,'red',1,'o'],\n",
    "        'Incremental greedy':[greedy,'purple',1,'o']\n",
    "       }"
   ]
  },
  {
   "cell_type": "code",
   "execution_count": 103,
   "id": "8a76cccd-30ec-4ee7-b156-78144b1f1d18",
   "metadata": {},
   "outputs": [],
   "source": [
    "with open('GrandComparisonR-{}-T-{}.pkl'.format(search_region_radius,T),'wb') as file:\n",
    "    pkl.dump(sols,file)"
   ]
  },
  {
   "cell_type": "code",
   "execution_count": 104,
   "id": "c23409d1-1ab0-466e-be8f-e6f2619c2074",
   "metadata": {},
   "outputs": [
    {
     "data": {
